timestamps:
  lastteleport: 1501017459739
  logout: 1501092920596
  login: 1501092915403
lastlocation:
  world: world
  x: 1192.8222763293554
  y: 76.0
  z: -38.979954001760035
  yaw: -168.28165
  pitch: 17.699968
logoutlocation:
  world: world
  x: 1137.300000011921
  y: 91.5625
  z: -420.2450727167536
  yaw: -138.28088
  pitch: 23.400099
lastAccountName: Undefined01
ipAddress: 25.53.134.124
