world: world
x: 93.30000001192093
y: 102.0
z: 215.30000001192093
yaw: 314.90466
pitch: 4.799672
name: arena
