world: world
x: 1171.0048177720396
y: 54.0
z: -320.2077674946575
yaw: -132.13318
pitch: 35.69996
name: bogdis
