world: world
x: 1142.4804130377322
y: 82.0
z: 1061.0579685055354
yaw: 82.24411
pitch: 30.450047
name: casa
