world: world
x: 1173.7831756302242
y: 87.0
z: -420.5715395294433
yaw: -348.73315
pitch: 64.94992
name: ferma
