world: world_nether
x: 48.20840465518147
y: 54.0
z: -20.450374402792864
yaw: 262.54623
pitch: 8.550003
name: hell
