world: world
x: 1177.473083665557
y: 29.0
z: -368.6324089948744
yaw: -39.395485
pitch: -13.049985
name: mina1
