world: world
x: 1331.435859165745
y: 69.9375
z: 1130.3013491802033
yaw: -199.03473
pitch: 29.699865
name: orc
