world: world
x: 1048.1180786346629
y: 66.0
z: 119.21000681801712
yaw: -113.958496
pitch: 35.85011
name: padure
