world: world
x: 1156.827761860626
y: 68.0
z: 1185.6421757632872
yaw: -85.90674
pitch: 3.7501
name: plain
