world: world
x: 1210.4830902974588
y: 68.0
z: 1194.5310692022451
yaw: -336.38184
pitch: 19.049839
name: plainbase
