world: world
x: 1231.6308187306868
y: 13.956611568017971
z: 1040.4302023506164
yaw: 38.294373
pitch: 15.000058
name: punish
